1 4 5 6
5 7
2 3 4
1 2 4 5 6
2 6 7
1 3 4
3 5 6
3 6
1 2 3 4 5 7
2 3 4 6 7
1 4
1 3
1 2 3 4 5 6
1 2 5 7
1 2 3 4 5 6
1 2 3 6 7
2 3 4 5 6
1 2 3 6 7
2 4 5
1 3 4 5 7
1 3 4 5 6 7
2 5
2 3 5
1 3 4 5 6 7
1 2 3 4 7
1 2 3 5 6 7
3 5
2 4 6
2 5 6
2 3 4 6 7
1 2 5
1 2 3 6 7
3 6
3 4 5 7
2 3 6
1 2 3 6
1 2 4 6 7
1 2 3 5 6 7
1 2 3 4 5 7
1 4 5 6 7
3 4
1 3 4 5 6 7
1 2 4 5 6 7
1 2 4 5 6 7
2 5 7
2 4 5 7
1 2 3 4 5 6
1 2 3 7
1 2 4 5 7
1 3 4 5 7
1 2 3 4 5 6
2 3 5
5 6 7
2 3 4 5
2 3 5
1 2 3 4 5 7
3 4 5
3 4 7
1 2 3 4 6
3 4 7
1 2 4 5 6 7
2 3 4 5 7
1 2 3 4 5 6
1 2 4 5 6 7
2 5 7
1 3 4 5 7
1 2 4 5 7
1 2 3 4 5 7
1 4 6
3 6
1 2 3 4 5 7
1 2 5 6
1 3 4 5 6 7
